0.1447889 0.1290207 0.306867 0.1489821 -0.08957162
-0.06013529 -0.03042856 0.07518628 0.07170732 0.1361229
-0.4381826 -0.2278274 -0.1247645 -0.3984083 0
0 -0.3515068 -0.3581487 -0.06950413 0.2424013
0.9035188 0.625249 0.7592701 1.191749 0.1255038
0.2040555 0.2139941 0.3749997 -0.1425567 -0.1025356
0.2555016 0.7442511 0.3341028 0.3105765 0.2258828
0.1239746 0 0.5263573 -0.2731271 0.6087832
0 0.327572 -0.02880294 -0.6706948 -0.1534961
0.6157297 0.01567932 -1.157635 -0.1239689 0.4969876
1.499729 -0.3040986 0.06889829 -0.2448676 -0.2018004
0.7399717 -0.07782924 0.2452411 -2.240041 0.005782891
0.372408 0.1185769 -0.5319754 0.8804781 1.707849
0.4965028 0.07538219 0.1011935 0.1358469 0.1205644
1.005855 0.4951778 0.6703228 0.6632088 0.126185
0.5259558 0.5294479 -0.5155591 -0.1815891 -0.2797092
-0.4076924 0.4799905 -0.4328193 0.5772139 -0.1421543
-1.005821 -0.7113496 0.1083266 0.6313287 2.451574
-0.07694813 0.002822915 -0.9879447 0.03616072 0.748592
1.083711 0.03760806 0.08983628 -0.5949307 -0.303722
0 0.00525945 0.4324933 -0.2891478 -0.2399573
-0.3121342 0.2186447 0 0 1.906697
0.6889075 1.102819 -0.3491642 -0.1397403 0.2887257
-0.1916012 0.08122165 0.03573819 0.2783972 4.611176
4.665729 5.278487 4.470695 0.08040031 0.07973231
0.007766457 -0.4837322 -0.9675961 0.01836077 0.2490758
-0.1238347 0.8113897 -0.2177108 0.02954717 -0.07318228
-0.05315433 -0.300689 -0.4085813 0.1301065 -0.5224775
0.07880491 -0.1851161 -0.107921 0.1592734 0.02902712
0.01413106 0.09881322 0.3692311 0.3727796 -0.1205741
0.002300802 0.3178992 1.48819 -0.4346437 -0.2882931
-0.1605809 -0.1534146 -0.4009376 0.09896091 -0.3793649
-0.05638343 0.4995648 0.07097407 -1.183392 -0.6046179
-0.4618166 -0.383796 -0.1873942 0.6287429 0.3823552
0 -0.01059864 0.04845166 0.1573206 -0.4949465
0.124585 -0.189124 0.1411659 0.3977384 -1.393802
0 -0.2054515 -0.7215471 -0.0400528 2.771998
2.697418 -0.2777797 -0.05725648 -0.03854833 0.3536304
0 0 0 0.006319307 -0.04273433
-0.08312158 0.1815394 -0.2734911 -0.4368156 0.193546
-1.001448 -0.2292973 0.1145646 -0.3328431 -0.2651274
-0.1285241 -0.3005841 0.3971791 0.6796623 0
-0.05602541 0.1646366 -1.30338 -0.4921906 -0.2868613
-0.1473093 -0.1735265 -0.2885517 -0.04694607 0.7532248
-0.2002332 0.9250893 0 0.05739633 0.08381746
0.1675931 0.223091 0.2375527 0.1711914 0.2204454
0.3009425 0.02066074 0.7468678 0.7511066 0.6182405
0.1681369 0.1318042 -0.3318133 0.2378682 0.1076184
0.01216558 0.2020778 -1.291787 -1.065304 0.9897047
-0.07567392 -0.06759482 0.09408488 0 1.111461
1.330174 -1.40425 -0.5395297 0.03136822 0
-0.5104329 -0.1372711 -0.2065053 0.0758152 -0.2435022
0.002679814 -0.4447234 -0.2190558 0.1393458 0.4085901
0.4700206 0.2163513 0.4199361 -0.6379566 -1.30155
-0.5373354 -2.504244 0.2544955 0.2870957 0.1839925
0.01576217 -0.4827454 -0.1076447 0 0.4638422
0.2581057 -0.09953406 0.08017489 0.1779918 -0.006910118
-0.05074491 0.115613 0.4827331 0.2886305 -0.6008693
-1.341614 -1.452574 -1.166203 -0.2301589 -0.08712651
0.2376117 -0.09961943 -0.2740148 0.1890789 -0.1757625
0.04621196 0.1459789 0.884293 0.2225108 0.07039318
0.06807223 -0.02062146 0.2465293 0.1744862 -0.5582374
-0.7544535 -0.6452654 -0.4952458 -0.0755631 -0.3086209
-0.00289886 -0.2993075 0.2307131 -0.1096548 0.2170517
0.4067911 0.1199629 0.1306477 0.042535 0.1369079
0.06549867 0.1562863 0.1328446 -0.5538117 1.058875
0.7686107 0.2398571 0.4006618 0.7130622 0.6283872
0.5405716 -0.5730758 0.07902462 0.4998847 0.1019243
0.07761185 0.09731903 0.1103681 0.09130986 0.2867475
0.336419 0.02162042 -0.04281401 0.05812883 0.1883266
0.04429137 0.1925097 0.5834601 0.6389915 0.7012348
0.7224842 0.1800873 -0.7298512 -0.1015956 -0.07039488
0.1692114 0.1277512 0.1827892 0.3551707 0.1623488
0.07891335 0.1812662 0.8502254 0.7446236 0.8762333
-0.4619366 -0.2339475 1.991833 0.2388563 0.2451231
0.1249621 0.164086 0.1139986 0.1636212 0.1269127
0.07577786 -0.2227737 -0.0499676 0.02099084 -1.672737
-0.06362179 0.1872633 0.1130943 0.01774335 0.05718293
-0.03857528 0.07760653 -0.01919738 0.1837345 -0.006648321
0.02018144 0.03499099 0.1022892 -0.3086613 0.2046464
0.08991979 -0.03361863 -0.04418708 -0.08067646 -0.1810809
-0.4662241 -0.6573587 0.4146706 0.5232836 0.5484578
0.3556929 0.2609362 -0.1333103 -0.1655056 0.3936076
0.4107532 0.4296979 0.3786381 -0.1599637 -0.1371969
-0.1845437 -0.2418335 -0.2369592 -0.2233479 -0.2692852
0 0 0 0 0
-0.2291758 0.1248588 -0.0230044 0.003176896 0.1756534
0.161176 -0.3842612 -0.2646544 -0.1784844 -0.4701901
-0.151551 0.3039159 0.1542462 0 0
0.01935104 -0.01390133 0.236636 0.4269398 0.2109712
0.1211021 0.4723377 0.2121806 0.2184116 0.2446495
0.1299528 -0.2005088 -0.2193404 -0.2378434 -0.1582562
-0.3301023 -0.09024484 -0.4142719 -0.6146247 -0.3370524
-0.3807547 0.6622386 -0.4016245 0.1394767 0.2482611
0.3345893 0.5307936 0.4314469 0.2151549 0.1240127
0.1047857 0.1565658 -0.40422 -0.1939117 -0.3616399
-0.2976208 0.04380505 0.5330166 -0.2315726 1.154575
0.2737202 0.03988963 0.05866491 -0.008911033 0.1183167
-0.2536404 0.07956791 -0.03433256 0.1386739 -0.03802467
0.07371698 -1.187041 -1.014782 0.7701767 0.3897663
0.2223121 0.3058183 0.06409037 -0.03136372 -0.019568
0.15258 0.0836489 0.01837244 -0.2062267 0.09994195
-0.3528561 0.1123157 -0.04894028 0.06445292 -0.4241112
-0.4209674 0.2949739 0.2762058 -0.09735022 0.004610167
0.6148409 0.3428305 0.2833676 1.209689 -0.4395666
-0.1559545 -0.2320765 -0.05922869 0.1612232 0.1766685
0.09611598 -0.2495372 0 0.2641694 0.3637478
0.1689465 0.2818052 -0.09558008 0.7323075 0.6110213
0.0001199599 0.7641205 -0.1502541 0.09430519 0.2462894
0.04241571 0.1350108 -0.0353689 0.2906317 0.2106637
-0.3321246 1.5677 -0.7176906 -0.1040505 0.002952799
-0.1054187 -0.02733802 -0.1820313 0 -0.09646858
-0.2002255 0.2456919 1.07206 0.2119869 -0.2030615
-0.4076401 1.350193 -0.01375494 0.2727981 0.07403998
0 -0.0513127 -0.07733614 -0.3302041 -0.2089584
-0.8327854 -0.1917899 -0.4400471 0.3383027 0.490068
-1.274679 -0.8719397 0.6494573 0.5484033 0.4708951
0.4562458 0.5005255 1.940601 1.477033 2.120505
1.644743 0.2326146 -3.586154 -0.2438317 0.7718429
0.5114033 0.5854522 1.049678 -0.5226446 0.6140777
0.6604099 -0.7432603 -0.1461749 -0.08323781 -0.6998671
0.1902829 -0.01302266 1.276547 0.4831884 0.3525949
0.307564 0.1053838 0.01113779 0.4783074 0.1823879
0 0 -0.1095209 -0.11294 2.850397
2.4024 0.01574869 0.02228448 -0.4116733 -0.3402359
-0.03670809 -0.1107881 0.09268341 0.2517471 0.2340565
0.1209342 -0.3358375 -0.7792143 0.7305396 -0.5939431
-0.4383877 0.1185144 0.4129482 -0.3157659 -0.2080189
-0.2064699 0.3110868 0.1062667 0.02553467 0
-0.08650343 -0.1283488 -0.1357528 -0.1044579 -0.1573847
-0.04500982 -0.02821597 -0.01741826 -0.1309378 0.0374368
-0.05060481 -0.08925672 -0.066888 -0.2279427 -0.1121829
-0.02627892 -0.03698104 -0.1114185 -0.08889014 -0.1413635
-0.08617975 -0.07044375 -0.4572878 -0.1153061 -0.0213662
-0.1227808 -0.4366625 -0.1453953 0.03083622 -0.1108967
-0.1918706 -0.2710921 -0.2977811 -0.7042151 -0.06028566
-0.04012747 -0.06711045 -0.07331657 -0.1057984 -0.1194125
0.03675221 -0.04823467 0.7777075 0 0.5174684
-0.182818 0.1052844 0 0 0
-0.4626696 0.4112613 1.332572 1.098274 -0.1258301
0.5981804 -0.1294841 0.3166448 0.1596034 0.4139278
0.3608244 0.4710333 0.1742183 -0.1931153 -0.2082185
-0.5044989 -0.4491775 -0.04864621 0.1834429 0.1551938
0.03993308 0.1850589 -0.8029556 -0.4489694 -0.2493913
-0.09275963 0.07534955 -1.108673 -0.09950526 0.3121094
-0.158816 -0.08408537 -0.09346779 -0.2214196 -0.09338913
0.06122789 -0.0865625 -0.08385763 -0.3767837 -0.05596741
-0.06810007 -0.1806083 -0.06619965 -0.1151725 0.2763763
-0.01802832 0.09120012 0.3080946 0.3618746 0.0227179
0.02678022 -0.2175989 -0.4242079 0.1851132 -0.5419408
-0.1900456 -0.1794199 -0.7308012 0.5393222 0.6137256
-0.1550663 -0.02836839 -0.07271908 1.180682 0.09675423
0.3181908 0.504427 -1.6003 -0.2636388 0.1798897
0.4688201 0.4146326 0.280514 -0.4539147 -0.6735889
0.02810512 1.241773 0.05947664 -0.4179692 -0.2413544
0.01690375 -0.02238782 0.001335894 -0.008644536 0.008551232
0.314742 0.3303636 0.1335322 -0.5151162 -0.2420986
-0.06970867 -0.03685673 0.1037971 -0.1766821 -0.2493549
0.2229043 -0.0120621 0.1699541 -0.03856402 0.1528917
0.3347789 -0.164317 -0.2579294 -0.01069235 -0.7636082
-1.288988 0.3094014 -0.1851774 0.1594865 -0.6936419
-0.05762608 0.003561593 0.672464 0.4664229 -0.03659364
0.0008055517 -0.08880417 0.02359443 -0.2615404 0.1183845
0.125833 0 0 0 -0.08987554
-0.2568183 0.2165094 -0.1689921 0.1824461 0.346569
0.1303578 -0.2898502 -0.04616797 -0.5851043 0.277856
0.2204495 0.1132698 -0.6742115 -0.6666098 -0.6201557
-0.7349215 0.003084636 0.0992825 -0.1750819 0.1262932
0.1407539 -0.01356511 0.1053696 -0.07059668 0.04522349
0.1605196 0.2949754 -0.9917693 -1.843019 -0.6772754
-0.8894115 -0.2859021 0.06955076 0.05976394 0
0.4744472 0.313673 -0.09824758 -0.1899092 0
-0.479537 0.2750869 0.2253247 0.3545266 0
-0.1441626 -0.0251912 0.225286 -0.03764935 0.2830197
0.1526464 0.07280781 0.123191 0 0.2885715
0.1217245 -0.3086091 0.340226 -0.7588688 -0.8649632
-0.1928817 0.3344246 0.107808 8.600941 8.532649
8.677673 0 3.56368 -0.9505992 1.420797
-0.03028134 0 0.02770249 0 -0.1126014
0.002822524 0.1641548 -0.05272952 -0.3004075 -0.1961325
-0.0435327 0.2000853 0.3626457 0.04904978 -0.05663675
-0.08132083 1.050788 0.7142529 1.068415 0.1138811
0.3052842 0.309636 0.4496768 0.8567598 -0.4352287
0.3998031 0.128068 0.06979008 0.07006087 -0.1377412
0.2094491 -0.01628729 0.04900181 -0.1293589 -0.09755719
0.0007280858 0.1140599 0 -0.6960091 -0.6136385
0.3473746 -0.814079 1.114829 0.1426972 0.253556
0.2421023 0.2506255 0.04245876 0.1788595 0.1071111
-0.01913203 0.09356728 0.2362844 0 -0.04397748
0.6198962 0.2611558 0.3410367 -0.8689349 0.1143259
0.2189156 0.3078692 -0.1537712 0.3907965 -0.08168998
0.3623274 0.2134911 0.1259343 0.132618 -0.4062463
-0.3946109 -0.1417163 -0.8321585 -0.8390389 0.0850247
0.1223558 -0.1014402 0.1630352 0.2751286 0.3396184
0.2630727 0.7050627 0.2410582 0.2854964 0.3253577
0.3235696 -0.4561059 -0.2383873 -0.07442008 -0.05990486
-0.04181548 0.3703444 -0.1297116 0.170211 0.02701594
0.03145264 0.01421526 0.3989557 -0.01133889 0.1378573
0.5774281 0.02741677 0.06467852 0.02461265 0.03770715
0.01354982 0.04263111 -0.1330846 -0.01178039 -0.08770579
0.01895621 -0.07395691 -0.6366777 -0.1593444 -0.07179843
-0.02663022 -0.1102645 0.1617214 -0.07727438 -0.008285825
0.05195294 -0.1149164 0.1187454 0.06132094 0.008219223
-0.2058884 -0.1699137 -0.2270312 -0.1346864 0
0.4596544 0.0001048794 -0.387397 0 0
0 0 -0.8905951 -0.7099162 -0.4300092
-0.5291423 0 -0.8018485 -0.4839596 -3.247341
0 -0.775538 -0.7483609 -3.729703 -4.043455
-4.577035 -4.349582 -4.39695 -4.498641 -4.517067
-4.619742 -4.638725 -4.653011 -5.015042 -4.588514
-4.644197 0 -2.028887 -1.940328 -1.150809
-0.8544002 -0.2364212 -0.08455056 -0.4225096 -1.627715
-0.2082723 1.187465 0.3716387 0.7605511 -0.03749026
0.08812776 -0.3926422 0.4172592 -0.01955389 0.1028535
0.04230446 1.351991 0.2127239 0.09861164 0.2455635
0.2878338 0.1363458 -0.0971351 -0.1667586 0.2397418
0.09778586 -0.6364693 0.07204133 0.3308341 0.2831328
-0.3126775 -0.7094354 0.2004246 -0.0674623 -0.150476
-0.07843208 -0.01648738 -0.06474378 0.1871135 0.2904092
-0.1308224 0.7920794 -0.2768305 0.498068 0
0 0 -0.2564211 -0.4003692 0.3097563
0.1083848 0.1821346 -0.1657105 -0.320104 0.1197444
0.01306989 -0.03433804 0.05447771 0.1214172 0.09780097
0.2453538 2.222986 0.1758892 -0.2702628 -0.267332
-0.4671211 1.093014 0.08060491 0.6278948 -0.07066544
-0.2184679 -0.01779847 0.2809143 -0.2115515 -0.1275875
0.2615428 -0.08151955 -0.3130516 -0.1230043 0.0449203
-0.4121326 0.02994135 -0.2115688 -9.627914 -8.607361
-2.4465 -3.025333 1.03565 -0.07048725 -0.2817042
1.13694 1.442777 -0.8221354 0 0.8811994
0.6081698 0.2547441 0.09671795 -0.02899056 0.09109745
-0.08254681 -0.1197665 -0.02198379 0.214284 0.03676157
-0.0008673762 0.05582478 0.1738864 0.5770343 0.1843261
-0.9804371 -0.81641 -0.3194606 0.0708538 0.0223519
-0.1453726 0.0824938 0.05223363 0.04127724 0.09196759
0.08822222 0.3239399 0.1047659 0.2771915 0.4907741
0.4753779 0.1159062 0.3177913 0.1480128 -0.08777822
-0.003174013 0.6328886 0.701506 1.526746 0.08255405
0.07936736 0.2732079 0.1528946 0.05785286 0.03499093
0.2104592 0.1307105 -0.158401 0.06342291 0.2949154
0.2284248 0.2289282 0.3087803 -0.7967141 -0.6660073
0.0840514 -1.01906 -0.6259597 -0.7933001 0.04636583
-0.3423225 0.3934505 -1.159733 -0.3543227 1.450486
-0.3140979 -0.4179957 -0.01098165 0.2381538 0.4154511
-0.7586279 -0.7901029 0.1017209 0 0
-0.4845617 -0.3224829 -2.036719 -1.903604 -1.396327
0 -0.7303294 -1.045372 -0.5608336 -2.926043
0.06473813 -0.1864639 0.1190378 0.02988094 0.2395958
0.1466532 -0.06656227 -0.06691184 -0.08031044 -0.03026882
-0.09566062 0.02800192 0.1575493 -0.07962404 0.5096038
0.1763451 0.1248115 0.1897141 0.5174302 -0.08124422
-0.1351531 0.1971501 0.3240518 -0.3117648 -0.09607394
-0.1025308 0.1030847 -0.1210512 -0.1449619 -0.06613582
-0.08369927 -0.9921992 -0.4508843 -0.120134 -0.2241246
-0.1710498 -0.109985 -0.260207 -0.2003924 -0.1625232
-0.1922584 -0.2789328 -0.2106397 0.2836225 -0.1147364
0.1432792 -0.3178733 -0.01576205 -0.210523 -0.3113715
0.1000399 0.02888438 -0.02851907 0.03459543 -0.01252653
-0.09375346 0.07684546 0.150638 -0.005989679 -0.08287062
-0.02941806 0.1452424 0.03590042 -0.4580856 -0.03530886
-1.208618 -0.6978359 -0.1467866 0.3401864 1.250049
0.0660442 -1.727368 -0.4568493 -0.1357526 0
-1.477082 -0.2264569 0.1886637 0.04085184 0
0.03274184 0.1348775 -0.08712027 -0.2360425 -0.3290428
-0.1763538 -0.1889717 -0.2103081 -0.1058558 -0.4523061
-0.3021663 0.02088776 0.8955265 0.9235528 0.9177692
1.061727 1.051231 1.301274 1.061663 -0.01466534
-0.007822855 0.01384657 -0.1258757 0.3828993 0.6423583
0.5139505 0.007420903 0.08275521 0.01845867 0.5541211
0.2056966 0.3276231 0.1055999 0.06265713 0.4606438
0.2172778 0.1537147 1.085213 -0.06693357 -0.295128
0.06248122 0.105611 -0.3546842 -0.552576 -0.8502693
-0.4883938 -0.4764224 0.1448594 0.09680283 0.1141646
-0.1561919 -0.03328344 -0.235871 -0.1970648 -0.3688388
0.01204952 -0.136537 -0.1590975 -0.06073394 0.047963
0.05072342 -0.01713881 -0.5597601 -0.3188679 -0.1489401
-0.0942858 0.1714841 -0.2785237 0 0.01718485
-0.03990328 0.001657703 0.1128747 0.2018165 8.61e-05
-0.224169 0.1169669 0.156574 -0.03276646 0.1327133
-0.04705907 -0.122665 0.007989305 0.006809376 -0.05534683
-0.2174908 -0.1589331 -0.1231678 -0.001324048 -0.1217388
-0.2005233 -0.2288995 -0.1607476 -0.2123443 0.02468753
0.3076798 0.06663589 0.2462629 -0.1174565 0.3159998
0.01725598 0.3790362 0.008237316 -0.12669 -0.1459488
0.02394622 0.08539577 0.212235 0.05724043 0.01924764
-0.1160118 -0.109413 -0.05494496 0.01224973 0.2576891
0.1444004 0.2602293 -0.311343 0.2613742 -0.009423002
-0.1281967 0.09318068 0.248587 0.1067513 -0.07229448
-0.01891607 0 0 0 0
0.1833004 0.01951063 -0.07430887 -0.04411359 -0.1353166
-0.0712225 0.06514923 0.08526193 -0.1867636 -0.214321
-0.2415391 -0.4140096 -0.4931395 -0.3418962 0.003076039
-0.3398742 -0.3498768 -0.2021921 0.2923393 0.2192117
-0.2222867 0.2102828 0.3288227 0.4402224 0.05716849
-0.05013051 -0.1207588 -0.6017746 -0.1374537 -0.1124116
0.05102229 -0.1122616 -0.02128982 -0.03616848 0.08465336
0.06469017 0.1050605 -0.05173764 -0.01823402 -0.1600686
-0.6965597 -0.2682867 -0.4641143 -0.3388302 -0.3252889
-0.02103089 -0.2289659 -0.4125529 -0.5288123 0.06793739
0.105976 -0.1869736 -0.007571933 -0.09601836 0.02876919
-0.3478497 -0.7834585 0.0155297 -0.4088325 -0.4638536
0.07118861 -0.2803849 -0.01467243 -0.4780615 0.9506343
0.9520257 -0.2665323 0.05693008 -0.03568993 0.07547738
-0.01592246 -0.3022697 -0.05573755 0.1500515 0.3056239
0.1761023 -0.4250868 -0.3919791 -0.4855706 -0.1766664
-0.1889434 -0.1277043 -0.2301097 -0.3437314 0.1041694
-0.07864742 0.02251061 0.0002851729 -0.0153963 -0.01665935
-0.02468158 0.01958469 -0.2320623 -0.1268486 -0.2703368
-0.2815592 0.05681078 -0.1785175 -0.2402294 0.01420628
0.1423277 0.05810264 0.009725681 -0.1519723 -0.3353878
-0.5679703 0.2631787 0.3077691 -0.1706546 -0.1227987
-0.06933938 1.431842 -0.4043028 -1.83326 -0.2505364
0.2009681 0.2517046 -0.7941085 -1.11455 -1.210169
-3.195153 -3.291935 0 -0.2221591 -0.2074662
0.1004503 0.1101592 -0.06295389 -0.1443306 -0.09610927
0.09709524 0.7337999 -0.4330435 -0.9687581 -0.6220489
0.8893991 0.1471019 -0.3973105 0.2403911 0.2887789
0 0 1.026621 0.1105866 0.1963886
0.1608486 -0.219962 -0.3717658 0.44209 0.8224751
0.9950399 0.4460911 0.7468405 0.5659073 -0.02135812
0.196445 0.201239 -0.3170315 0.05977103 0
0 0 0 0 0
0 0 0 0.5673171 1.975421
-0.03182159 0.01215195 -0.2547994 0.7151449 0.8316277
-0.3081098 -1.149108 -0.1398872 -0.1081085 -0.4446666
-0.779113 0.08314451 0.04789471 0.2440622 0.189902
1.410097 1.108192 0.001297252 -0.6299246 -0.7588827
0.03391758 0.3500398 -0.5896134 -0.8504291 -0.6446719
-0.09931227 -0.4433022 0.04367279 0.117566 0.03310252
0 0 5.305453 0 0.4297522
-0.02847882 -0.1427725 0.1531991 -0.06286392 0.6268874
0.2793003 0.02985891 -0.08530916 0.975081 0.4246477
0.1171272 -0.2551903 1.014034 0.06240867 0.01539635
0.3132473 0.244563 0.04394126 -0.2345474 0.003891923
-1.007082 0.3736489 0.2918031 -0.1657259 0.257143
-0.08907849 -0.1488821 -0.4572226 -0.3194771 -0.139606
-0.03556859 0.5650431 -0.06003704 -0.1970133 -1.270198
0.0001563312 0.3329586 0.01152865 0.3111581 0.1459511
0.2258672 -0.4307783 -0.5730766 -0.8379288 -1.087778
-0.9726557 -1.690267 -0.6423328 0.1291303 -0.5650438
-0.1949097 -0.1873707 -0.7624103 -0.9747148 -0.368475
-0.2613309 -0.2247327 -0.121782 -0.3712974 -0.4258003
-0.4769949 -0.3101695 -0.3550691 -0.2764897 -0.3936376
-0.1147477 0.05830715 0.2090664 -0.05236608 -0.03315524
0.01507229 0.2199252 0.1374445 -0.1539289 -0.8900598
-0.2777271 0.01489481 -0.1545477 -0.1426705 0.0005967138
-0.4813045 0 2.264927 -0.01885348 -0.1969209
0.02245393 0.1896587 -1.013767 0.02606548 -0.0699344
-0.3270971 0.1484111 0.1819192 -0.07163845 -0.1669045
0.1449432 -0.05417208 -0.01375758 0.0313768 0.9641486
-0.3749895 0.3214197 0.9127654 -0.9911213 -0.1494826
-0.4033107 -0.1315405 0.1472607 -0.160471 0.4191993
0.3001897 0 -0.01817226 -0.1290431 0.07481623
0.1311758 0.2114169 2.038097 -0.2213737 -0.2229732
-0.01097491 -0.5119983 -0.2885658 -0.6436994 -0.2672791
0.8529971 0.2793918 -0.02425863 -0.4014393 -0.3894458
-0.009282045 0.00540584 0.1298767 0.06045559 -0.6307258
-0.497149 0.01491603 -0.3385469 -0.5760784 -0.7594442
0.354841 -0.1591938 0.03772094 0.4350135 -0.4486235
-0.1691458 -0.09233721 0.01178559 -0.1223191 -0.03623139
-0.1689298 0.7696946 0.3339115 0.1706658 0.1289764
0.1504095 0 0 0 0.1089828
-1.232391 -0.6591895 -1.287001 0.4365834 0.2619131
-0.140146 0.01548057 -0.0887114 0.1784822 -0.1417758
-0.05246183 -0.3533998 -0.4447219 1.176466 1.11893
0.8368765 0.1968693 0.0338077 0.4567338 1.868031
0.423413 -0.5630151 -1.212966 -0.01733678 -0.07259966
-0.1782027 -0.2956451 0.2190576 -0.5574699 0.01433441
0.02008247 0.8737425 0.03718053 0.315825 0.3656853
0.01462845 2.001852 -0.128131 0.2516302 0.2040895
2.246794 0.571919 -0.195461 0.8060487 0.160972
-0.7908835 -0.8055808 -0.7437638 -0.2495231 -0.1933898
-0.08079407 0.01587908 -0.7219651 -0.124609 0.4557136
0.05059864 0.9056188 0.2052372 0.1271583 -0.3187324
0.5359119 -0.5945026 0.5402635 -0.06998334 0.04100052
0.9390825 0.1469233 0.9320348 0.4183184 0.2911461
-0.5666824 0.05231127 0.07215609 0 -0.3441082
0 0 0 0 0
0 0 0 0.04599917 -0.3523562
-0.1199162 -0.6735219 0.650347 0.4686509 -5.207282
0.46937 -0.190821 0.7547136 0.5325489 0.0351782
0.04808002 -2.202933 -0.7043845 -0.8467021 0
-1.410507 0 -0.444005 0.05481653 -1.199379
-0.09945853 1.125098 -1.163574 0.5415678 -0.6756149
0 0.2343462 -1.419336 -1.723675 -0.259224
-0.2324554 -0.1167988 0.243433 -0.2825219 0.3379885
0.188728 -0.6091742 -0.0578048 -0.8613293 0
0 -0.456724 -0.2822987 0.00750938 0.1513917
0 0 0 0 -0.1652336
0.270199 0.0251182 -0.4516041 -0.721202 0
-0.4615722 -0.784358 0.6169917 2.067539 1.0497
-1.297707 0.3055737 0.3669343 0.3986503 1.622807
-0.1968578 -0.0314442 0.6753347 0.1969938 -0.193421
-0.1353827 -1.238695 0.0216073 0.1201252 0.1250483
-0.1164966 0.05202845 0.2283349 0.1599868 -0.06630609
-0.2962969 -0.3925309 1.462209 -1.04769 -0.5859688
0 -0.3217081 0.1146369 -2.574613 -0.8319881
0.3840043 0.2272749 0.2442726 -0.2037802 -0.199894
0.5910961 -0.2245839 -0.2580055 1.207666 1.479058
1.419859 0.1285702 -0.005987773 -0.2358709 0.0588693
-0.2408799 -0.4213846 -0.2761908 0.1806564 0.3464365
0.1083141 0.06042931 -0.1360097 -0.3825514 -0.20433
-0.1043256 -0.3349928 0.00563391 -0.6094297 -0.639577
0.1774087 0.6690611 0.2246924 0.4606686 0.453372
1.679119 0.6406147 0.3664152 0.1437729 0.329461
-2.836952 1.184368 -0.3570902 0.5251957 0.9819742
0.1803843 -0.03527701 0.4841511 1.682357 0.09386279
-0.7107182 -0.6005642 0.3679891 -0.1563555 0.8878403
0.436297 -2.007858 0.04839172 0.1375377 0.2765474
-0.2662213 -0.461766 -1.355596 -0.367769 -0.6329881
-0.4248147 -0.5572822 0.1613842 -0.1932274 0.0632527
-0.7884652 -0.05783717 -0.02839542 -0.379827 0.280899
-0.3666333 0.7779655 0.04194502 0.07207479 1.986688
0.5887115 0.5393889 0.1329208 0.1091424 -0.1690251
-0.1910866 -0.1780732 -0.1600892 -0.2620075 -0.1854185
-0.1888993 -0.2481738 -0.08864797 0.09211375 0.01181935
-0.2021785 0.4941333 -0.2675114 -0.2408764 -0.3222842
-0.3523192 0.1284592 -0.0783461 0.3743954 -0.4740741
0.5641755 -0.05288096 -0.9315534 -5.57889 -0.6904514
-0.5728912 -1.836805 -1.414002 0.01585488 -0.0353536
0.8521022 0 0.01886533 0.1029407 0.3423636
0.1434214 -0.1797348 -0.04899452 -0.1015089 0.1956704
0.2243237 -0.3316442 -0.03498275 0.4257476 0.8651115
-0.02052525 -0.1660198 0.4264121 0.04659532 -0.1440464
-1.6518 -0.1395768 -0.0891074 0.05763646 0.2574095
1.472806 -1.801582 -2.451119 -0.0323987 -0.7029633
-0.1724905 -1.49422 -0.09085412 -0.5506272 -0.7018802
-0.05145054 0.01630566 -0.3988426 0.2900653 -0.5142174
0.3756513 0.435302 0.1231727 0.1961569 0.2591371
-0.02012903 0.3859012 0.1572322 -0.3390458 -0.2981011
0.1492447 -0.2041608 -1.310023 -0.3001766 -0.2604992
-0.2047262 -0.1502403 -3.156938 -0.07848579 0.1287108
-0.9577956 0.9057788 0.7245822 -0.3988286 0.2827224
-0.1373917 -0.2850891 -0.5196904 -1.096326 -0.9536173
-0.8297958 0 -0.2961812 0.007409184 0.007335993
-0.08320689 -1.568246 0.2015401 -0.4506665 -0.1753411
0.0419152 -0.01524801 0 0 -0.3483985
-0.9811598 -1.262422 -0.2992721 0.09281141 -0.2377578
-0.2492429 -0.2538243 -0.4231115 -0.2363272 0.1859438
0.2780163 -0.01543702 0.2166566 0.7985004 0.4286122
-0.3692053 -0.5504161 -0.3655006 -0.7807244 -0.08561812
0.05789224 -0.2161795 -0.1842171 -0.1449077 -0.04407377
0.09056782 0.2317765 -0.7286058 -0.2390547 -0.4607614
0 0 0 0.3011438 1.148598
1.248521 0.7110642 -0.9291852 -0.8454803 -0.7804934
1.015038 0.9200377 1.251817 1.082577 -0.7959231
0 0 -0.1484802 -0.2555387 -0.4903318
-0.186454 0.1099425 0.07623241 -0.07363154 0.6723346
-1.36629 -1.38476 -0.007807704 0.31961 -0.5205128
-2.341831 -2.734626 -2.433459 -2.446419 0.02241286
-0.05492939 -0.2118382 0.39994 0.3720396
