0.9035188 0.7592701 0.3749997 0.7442511 0.5263573
0.7399717 -0.5319754 0.8804781 0.6703228 0.6632088
0.5294479 -0.7113496 0.6313287 0.748592 -0.5949307
0.6889075 -0.4837322 -0.9675961 0.8113897 -0.5224775
0.4995648 -0.6046179 0.6287429 -0.7215471 -0.4368156
-0.4921906 0.7532248 0.9250893 0.7468678 0.7511066
0.6182405 0.9897047 -0.5104329 -0.4447234 0.4700206
0.4199361 -0.6379566 -0.6008693 0.884293 -0.5582374
-0.6452654 0.4067911 0.7686107 0.7130622 0.6283872
0.5405716 -0.5730758 0.4998847 0.5834601 0.6389915
0.7012348 0.7224842 -0.7298512 0.8502254 0.7446236
0.8762333 -0.4619366 -0.4662241 -0.6573587 0.4146706
0.5232836 0.5484578 0.3936076 0.4107532 0.4296979
-0.4701901 0.4269398 -0.4142719 -0.6146247 0.6622386
0.5307936 0.4314469 0.5330166 0.7701767 0.3897663
-0.3528561 -0.4241112 0.6148409 0.7323075 0.6110213
0.7641205 -0.7176906 -0.8327854 0.490068 -0.8719397
0.6494573 0.5484033 0.4562458 0.5005255 0.7718429
0.6140777 0.6604099 -0.7432603 0.4783074 -0.7792143
0.7305396 -0.5939431 0.4129482 -0.4572878 -0.7042151
0.7777075 0.5981804 0.4710333 -0.5044989 -0.8029556
-0.4489694 -0.4242079 -0.5419408 -0.7308012 0.5393222
0.504427 -0.6735889 -0.7636082 -0.6936419 0.672464
0.4664229 -0.5851043 -0.6666098 -0.6201557 -0.7349215
-0.9917693 -0.8894115 -0.7588688 -0.8649632 -0.9505992
0.7142529 0.8567598 -0.6960091 -0.814079 0.6198962
-0.8689349 -0.4062463 -0.3946109 -0.8321585 -0.8390389
0.7050627 -0.4561059 0.3989557 0.5774281 -0.6366777
0.4596544 -0.8905951 -0.5291423 -0.8018485 -0.775538
-0.7483609 -0.8544002 0.7605511 0.4172592 -0.7094354
0.498068 0.6278948 -0.8221354 0.8811994 0.6081698
-0.9804371 -0.81641 0.4907741 0.4753779 0.6328886
0.701506 -0.7967141 -0.6660073 -0.6259597 -0.7933001
-0.7586279 -0.7901029 -0.7303294 -0.9921992 -0.4508843
-0.4580856 -0.6978359 -0.4568493 0.8955265 0.9235528
0.9177692 0.6423583 0.5139505 0.5541211 0.4606438
-0.552576 -0.8502693 -0.4883938 -0.5597601 0.3790362
-0.4140096 -0.4931395 0.4402224 -0.6017746 -0.6965597
-0.4641143 -0.5288123 -0.7834585 -0.4088325 -0.4638536
-0.4780615 0.9506343 0.9520257 -0.4855706 0.7337999
-0.9687581 0.8893991 0.4460911 0.7468405 0.5659073
0.7151449 0.8316277 -0.4446666 -0.779113 -0.6299246
-0.7588827 -0.5896134 -0.8504291 -0.6446719 0.4297522
0.975081 0.4246477 0.5650431 -0.5730766 -0.8379288
-0.9726557 -0.6423328 -0.5650438 -0.7624103 -0.9747148
-0.8900598 0.9641486 0.9127654 -0.9911213 0.4191993
-0.5119983 -0.6436994 0.8529971 -0.6307258 -0.5760784
-0.7594442 0.7696946 -0.6591895 0.4365834 0.8368765
-0.5630151 -0.5574699 0.8737425 0.571919 0.8060487
-0.7908835 -0.8055808 -0.7437638 -0.7219651 0.9056188
-0.5945026 0.9390825 0.9320348 -0.5666824 -0.6735219
0.650347 0.7547136 -0.7043845 -0.8467021 -0.6756149
-0.6091742 -0.8613293 -0.456724 -0.721202 -0.784358
0.6753347 -0.5859688 -0.8319881 0.5910961 -0.6094297
-0.639577 0.6690611 0.4606686 0.453372 0.5251957
0.9819742 0.4841511 -0.7107182 0.8878403 -0.6329881
-0.7884652 0.7779655 0.5887115 0.4941333 0.5641755
-0.9315534 -0.6904514 0.8521022 0.8651115 -0.7029633
-0.5506272 -0.5142174 -0.9577956 0.9057788 -0.9536173
-0.8297958 0.7985004 -0.5504161 -0.7807244 -0.7286058
0.7110642 -0.9291852 0.9200377 -0.7959231 0.6723346
-0.5205128 0.39994
