0.9035188 0.7592701 1.191749 0.3749997 0.7442511
0.5263573 -1.157635 1.499729 0.7399717 -2.240041
-0.5319754 0.8804781 1.707849 1.005855 0.6703228
0.6632088 0.5294479 -1.005821 -0.7113496 0.6313287
2.451574 0.748592 1.083711 -0.5949307 1.906697
0.6889075 1.102819 4.611176 4.665729 5.278487
4.470695 -0.4837322 -0.9675961 0.8113897 -0.5224775
1.48819 0.4995648 -1.183392 -0.6046179 0.6287429
-1.393802 -0.7215471 2.771998 2.697418 -0.4368156
-1.30338 -0.4921906 0.7532248 0.9250893 0.7468678
0.7511066 0.6182405 -1.291787 -1.065304 0.9897047
1.111461 1.330174 -1.40425 -0.5104329 -0.4447234
0.4700206 0.4199361 -0.6379566 -1.30155 -2.504244
-0.6008693 -1.341614 -1.452574 -1.166203 0.884293
-0.5582374 -0.6452654 0.4067911 1.058875 0.7686107
0.7130622 0.6283872 0.5405716 -0.5730758 0.4998847
0.5834601 0.6389915 0.7012348 0.7224842 -0.7298512
0.8502254 0.7446236 0.8762333 -0.4619366 1.991833
-1.672737 -0.4662241 -0.6573587 0.4146706 0.5232836
0.5484578 0.3936076 0.4107532 0.4296979 -0.4701901
0.4269398 -0.4142719 -0.6146247 0.6622386 0.5307936
0.4314469 0.5330166 1.154575 -1.187041 -1.014782
0.7701767 0.3897663 -0.3528561 -0.4241112 0.6148409
1.209689 0.7323075 0.6110213 0.7641205 1.5677
-0.7176906 1.07206 1.350193 -0.8327854 0.490068
-1.274679 -0.8719397 0.6494573 0.5484033 0.4562458
0.5005255 1.940601 1.477033 2.120505 1.644743
-3.586154 0.7718429 1.049678 0.6140777 0.6604099
-0.7432603 1.276547 0.4783074 2.850397 2.4024
-0.7792143 0.7305396 -0.5939431 0.4129482 -0.4572878
-0.7042151 0.7777075 1.332572 1.098274 0.5981804
0.4710333 -0.5044989 -0.8029556 -0.4489694 -1.108673
-0.4242079 -0.5419408 -0.7308012 0.5393222 1.180682
0.504427 -1.6003 -0.6735889 1.241773 -0.7636082
-1.288988 -0.6936419 0.672464 0.4664229 -0.5851043
-0.6666098 -0.6201557 -0.7349215 -0.9917693 -1.843019
-0.8894115 -0.7588688 -0.8649632 8.600941 8.532649
8.677673 3.56368 -0.9505992 1.420797 1.050788
0.7142529 1.068415 0.8567598 -0.6960091 -0.814079
1.114829 0.6198962 -0.8689349 -0.4062463 -0.3946109
-0.8321585 -0.8390389 0.7050627 -0.4561059 0.3989557
0.5774281 -0.6366777 0.4596544 -0.8905951 -0.5291423
-0.8018485 -3.247341 -0.775538 -0.7483609 -3.729703
-4.043455 -4.577035 -4.349582 -4.39695 -4.498641
-4.517067 -4.619742 -4.638725 -4.653011 -5.015042
-4.588514 -4.644197 -2.028887 -1.940328 -1.150809
-0.8544002 -1.627715 1.187465 0.7605511 0.4172592
1.351991 -0.7094354 0.498068 2.222986 1.093014
0.6278948 -9.627914 -8.607361 -2.4465 -3.025333
1.03565 1.13694 1.442777 -0.8221354 0.8811994
0.6081698 -0.9804371 -0.81641 0.4907741 0.4753779
0.6328886 0.701506 1.526746 -0.7967141 -0.6660073
-1.01906 -0.6259597 -0.7933001 -1.159733 1.450486
-0.7586279 -0.7901029 -2.036719 -1.903604 -1.396327
-0.7303294 -1.045372 -2.926043 -0.9921992 -0.4508843
-0.4580856 -1.208618 -0.6978359 1.250049 -1.727368
-0.4568493 -1.477082 0.8955265 0.9235528 0.9177692
1.061727 1.051231 1.301274 1.061663 0.6423583
0.5139505 0.5541211 0.4606438 1.085213 -0.552576
-0.8502693 -0.4883938 -0.5597601 0.3790362 -0.4140096
-0.4931395 0.4402224 -0.6017746 -0.6965597 -0.4641143
-0.5288123 -0.7834585 -0.4088325 -0.4638536 -0.4780615
0.9506343 0.9520257 -0.4855706 1.431842 -1.83326
-1.11455 -1.210169 -3.195153 -3.291935 0
-3.291935 0.7337999 -0.9687581 0.8893991 1.026621
0.4460911 0.7468405 0.5659073 1.975421 0.7151449
0.8316277 -1.149108 -0.4446666 -0.779113 1.410097
1.108192 -0.6299246 -0.7588827 -0.5896134 -0.8504291
-0.6446719 5.305453 0.4297522 0.975081 0.4246477
1.014034 -1.007082 0.5650431 -1.270198 -0.5730766
-0.8379288 -1.087778 -0.9726557 -1.690267 -0.6423328
-0.5650438 -0.7624103 -0.9747148 -0.8900598 2.264927
-1.013767 0.9641486 0.9127654 -0.9911213 0.4191993
2.038097 -0.5119983 -0.6436994 0.8529971 -0.6307258
-0.5760784 -0.7594442 0.7696946 -1.232391 -0.6591895
-1.287001 0.4365834 1.176466 1.11893 0.8368765
1.868031 -0.5630151 -1.212966 -0.5574699 0.8737425
2.001852 2.246794 0.571919 0.8060487 -0.7908835
-0.8055808 -0.7437638 -0.7219651 0.9056188 -0.5945026
0.9390825 0.9320348 -0.5666824 -0.6735219 0.650347
-5.207282 0.7547136 -2.202933 -0.7043845 -0.8467021
-1.410507 -1.199379 1.125098 -1.163574 -0.6756149
-1.419336 -1.723675 -0.6091742 -0.8613293 -0.456724
-0.721202 -0.784358 2.067539 1.0497 -1.297707
1.622807 0.6753347 -1.238695 1.462209 -1.04769
-0.5859688 -2.574613 -0.8319881 0.5910961 1.207666
1.479058 1.419859 -0.6094297 -0.639577 0.6690611
0.4606686 0.453372 1.679119 -2.836952 1.184368
0.5251957 0.9819742 0.4841511 1.682357 -0.7107182
0.8878403 -2.007858 -1.355596 -0.6329881 -0.7884652
0.7779655 1.986688 0.5887115 0.4941333 0.5641755
-0.9315534 -5.57889 -0.6904514 -1.836805 -1.414002
0.8521022 0.8651115 -1.6518 1.472806 -1.801582
-2.451119 -0.7029633 -1.49422 -0.5506272 -0.5142174
-1.310023 -3.156938 -0.9577956 0.9057788 -1.096326
-0.9536173 -0.8297958 -1.568246 -1.262422 0.7985004
-0.5504161 -0.7807244 -0.7286058 1.148598 1.248521
0.7110642 -0.9291852 1.015038 0.9200377 1.251817
1.082577 -0.7959231 0.6723346 -1.36629 -1.38476
-0.5205128 -2.341831 -2.734626 -2.433459 -2.446419
0.39994
